{
 "cells": [
  {
   "cell_type": "markdown",
   "metadata": {},
   "source": [
    "<h1><center>Modelo Financiero</center></h1>"
   ]
  },
  {
   "cell_type": "code",
   "execution_count": 1,
   "metadata": {},
   "outputs": [],
   "source": [
    "#Librerias\n",
    "import glob\n",
    "import matplotlib.pyplot as plt\n",
    "import numpy as np\n",
    "import pandas as pd\n",
    "import cvxopt as cvx\n",
    "from cvxopt import matrix, solvers"
   ]
  },
  {
   "cell_type": "code",
   "execution_count": 2,
   "metadata": {},
   "outputs": [],
   "source": [
    "path='C:/Users/Brayan Jair.Brayan-Jair-PC/Documents/Ángela/Python/acciones/'\n",
    "#path ='C:/Users/Brayan Jair/Documents/Universidad/Maestría en Actuaría y finanzas/proyecto investigación Maestría/Python/acciones/'    \n",
    "#path ='D:/Dropbox/Universidad/Maestría en Actuaría y finanzas/proyecto investigación Maestría/Python/acciones/'"
   ]
  },
  {
   "cell_type": "code",
   "execution_count": 3,
   "metadata": {
    "scrolled": true
   },
   "outputs": [
    {
     "name": "stdout",
     "output_type": "stream",
     "text": [
      "[[19680. 19460. 19360. ... 20960. 20740. 20820.]\n",
      " [19460. 17080. 17620. ... 19000. 19060. 19140.]\n",
      " [19460.  2400.  2420. ...  3000.  3010.  2980.]\n",
      " ...\n",
      " [19060. 19060. 19060. ...  6300.  6100.  6100.]\n",
      " [37120. 36420. 36160. ... 41380. 41440. 41480.]\n",
      " [19460. 35220. 34980. ... 40380. 40220. 40340.]]\n",
      "(26, 217)\n"
     ]
    }
   ],
   "source": [
    "#################################################\n",
    "#  Matriz de precios de cierre de las acciones  #\n",
    "#################################################\n",
    "\n",
    "def Lec(path):                                                                           #Lectura de archivos .csv\n",
    "    allFiles = glob.glob(path + \"/*.csv\")\n",
    "    Data = []\n",
    "    Completname = []\n",
    "            \n",
    "    for file_ in allFiles:                                  \n",
    "        Completname.append(file_[144:-4])                                                #Vector de nombres de los archivos\n",
    "        Data.append(pd.read_csv(file_, header=0, skiprows=range(1,int(0.3*len(file_))))) #skiprows=[int(0.3*len(file_))] selecciona el subconjunto de datos de entrenamiento\n",
    "    return(Data,Completname)\n",
    "\n",
    "\n",
    "def ArcM(Data):                                                                          #identifica el archivo con más filas\n",
    "    filas=[]\n",
    "    for i in range(len(Data)):\n",
    "        filas.append(Data[i].shape[0])\n",
    "    IndArchMax = filas.index(max(filas))\n",
    "    return(IndArchMax)\n",
    "\n",
    "\n",
    "def Sizequal(Data):                                                                     #Compara tamaños de archivos y los vuelve de igual tamaño\n",
    "    for j in range(len(Data)):\n",
    "        dif = Data[ArcM(Data)].shape[0] - Data[j].shape[0]\n",
    "        \n",
    "        if dif != 0:\n",
    "            Data[j] = Data[j].append([Data[ArcM(Data)].iloc[:dif,:]]).reset_index(drop=True)\n",
    "    return(Data)\n",
    "\n",
    "def CompleT(Data):                                                                      #Completa cada dataFrame con la información adecuada\n",
    "    for j in range(len(Data)):\n",
    "        for i in range(Data[0].shape[0]):\n",
    "            if Data[0].iloc[i, 0]!=Data[j].iloc[i, 0]:\n",
    "                row=pd.DataFrame([[Data[0].iloc[i, 0], Data[j].iloc[i-1, 1],Data[j].iloc[i-1, 2],Data[j].iloc[i-1, 3], Data[j].iloc[i-1, 4],Data[j].iloc[i-1, 5],Data[j].iloc[i-1, 6]]], columns=['Fecha', 'Último', 'Apertura', 'Máximo', 'Mínimo', 'Vol.', '% var.'])\n",
    "                Data[j] = pd.concat([Data[j].iloc[:i,:], row, Data[j].iloc[i:,:]]).reset_index(drop=True)\n",
    "                Data[j]=Data[j].drop(Data[j].index[Data[0].shape[0]])\n",
    "        \n",
    "    return(Data)\n",
    "\n",
    " \n",
    "\n",
    "def Sel(Data):                                                                          #Matriz de los precios de cierre de las acciones\n",
    "    Pc=np.asarray([])\n",
    "    flagFirst = 0\n",
    "        \n",
    "    for k in range(len(Data)):\n",
    "        CloPrice  = Data[k].iloc[:,1].values    \n",
    "        CloPrice = [s. replace('.','') for s in CloPrice] \n",
    "        CloPrice = [s. replace(',','.') for s in CloPrice]\n",
    "        v = [float(s) for s in CloPrice] \n",
    "        \n",
    "        if flagFirst==0:\n",
    "            flagFirst = 1\n",
    "            Pc = v\n",
    "        else:\n",
    "            Pc = np.vstack((Pc,v)) #\"pega verticalmente\"\n",
    "    return(Pc)\n",
    "\n",
    "Closing_Price=Sel(CompleT(Sizequal(Lec(path)[0])))\n",
    "print(Closing_Price)\n",
    "print(np.shape(Closing_Price))"
   ]
  },
  {
   "cell_type": "code",
   "execution_count": 4,
   "metadata": {},
   "outputs": [],
   "source": [
    "#############################\n",
    "# Cálculo precios relativos #\n",
    "#############################\n",
    "\n",
    "def retorn(M):\n",
    "    M=np.transpose(M)\n",
    "    vt=np.zeros((M.shape[0], M.shape[1]))\n",
    "            \n",
    "    for i in range(M.shape[1]):\n",
    "        for j in range(M.shape[0]):\n",
    "            vt[j][i] = M[j-1][i] /M[j][i] #Cálculo de vt (según artículo guía)\n",
    "    \n",
    "    Vt=np.transpose(np.delete(vt,0,0))\n",
    "    onesColumn = np.ones((1,Vt.shape[1]));\n",
    "    Vt = np.vstack((onesColumn,Vt)) # ubica elementos en la parte inferior - en este caso ubica filas-\n",
    "    #plt.matshow(V_t)\n",
    "    return Vt"
   ]
  },
  {
   "cell_type": "code",
   "execution_count": 5,
   "metadata": {
    "scrolled": true
   },
   "outputs": [
    {
     "name": "stdout",
     "output_type": "stream",
     "text": [
      "[5.40347597e+05 1.02413151e+06 1.31165248e+06 2.29529141e+07\n",
      " 3.99170018e+06 4.90909700e+06 8.58967844e+05 2.10094559e+06\n",
      " 1.04508623e+06 5.33206061e+06 9.63825288e+06 1.65576394e+06\n",
      " 1.04045351e+06 1.51627421e+06 5.82607931e+06 3.69995554e+05\n",
      " 8.77883370e+02 1.23035640e+07 1.55537075e+06 1.55899450e+06\n",
      " 3.87068199e+05 1.96012334e+05 2.20147516e+05 2.52380392e+06\n",
      " 2.45062534e+06 4.84342247e+06]\n",
      "[[ 5.42849206e+05  6.62461905e+05 -8.96759259e+02 -2.41708995e+04\n",
      "  -5.03802646e+05 -2.70329365e+05  6.24743386e+05  4.45599471e+05\n",
      "   1.85654762e+04  1.40772682e+06 -2.09992434e+05  7.99638889e+05\n",
      "   1.28247619e+05 -3.43059861e+04 -4.64074339e+05 -2.95100265e+05\n",
      "  -5.95284392e+03 -3.06857791e+05 -9.04761905e+02 -1.50978836e+03\n",
      "   5.26653439e+04  4.44642857e+04  2.10618254e+05 -1.08977249e+05\n",
      "   1.00268968e+06  1.24152460e+06]\n",
      " [ 6.62461905e+05  1.02887286e+06  1.16730929e+05 -5.02193497e+05\n",
      "  -7.49278418e+05 -4.86877923e+05  8.30254224e+05  7.95518928e+05\n",
      "   1.74885644e+05  2.15583830e+06  7.15323622e+04  1.04244182e+06\n",
      "   2.74851634e+05  1.31816483e+05 -5.23568553e+05 -4.43282173e+05\n",
      "  -8.38982335e+03  1.04597803e+04  1.83254613e+05  1.81986446e+05\n",
      "  -3.82007680e+04  3.09323690e+04  3.02472188e+05  3.56470814e+04\n",
      "   1.20646868e+06  1.49255652e+06]\n",
      " [-8.96759259e+02  1.16730929e+05  1.31772495e+06 -3.67951750e+06\n",
      "   3.26065711e+04 -1.15039283e+06 -5.26852673e+04  7.58289128e+05\n",
      "   1.15358225e+06 -1.67111135e+05  1.22886730e+06 -1.10897058e+05\n",
      "   7.60810753e+05  1.38777524e+06 -1.32648783e+06  2.90264486e+04\n",
      "  -3.50621640e+03  1.11676790e+06  1.41020099e+06  1.41232678e+06\n",
      "   3.25921446e+04  9.91178315e+03  4.23578256e+03  7.75365427e+05\n",
      "  -1.60931153e+04 -1.29188771e+06]\n",
      " [-2.41708995e+04 -5.02193497e+05 -3.67951750e+06  2.30591776e+07\n",
      "   4.24258312e+05  3.95963030e+06  1.97267733e+05 -4.76690888e+06\n",
      "  -3.33738802e+06  1.82312131e+05 -8.00789612e+06  6.61561888e+05\n",
      "  -4.64467862e+06 -4.03875478e+06  3.53621062e+06 -7.62572453e+04\n",
      "   1.23600614e+04 -7.59222518e+06 -4.10355765e+06 -4.10391806e+06\n",
      "  -3.28355581e+05 -3.93815754e+04 -2.23469013e+05 -5.00527936e+06\n",
      "   5.87814388e+05  4.17241676e+06]\n",
      " [-5.03802646e+05 -7.49278418e+05  3.26065711e+04  4.24258312e+05\n",
      "   4.01018027e+06  3.79742052e+06 -7.84737558e+05 -3.71967076e+05\n",
      "   1.31713430e+05 -2.59102005e+06  1.08645634e+06 -1.47450570e+06\n",
      "  -1.67663671e+05  2.53142716e+05  3.57307226e+06  6.51690043e+05\n",
      "  -1.05328618e+04  1.55006466e+06  1.41414369e+05  1.58747350e+05\n",
      "  -2.31075158e+05  3.70545409e+05 -3.74435151e+05  1.04167733e+05\n",
      "  -8.58703866e+05 -1.15974541e+06]\n",
      " [-2.70329365e+05 -4.86877923e+05 -1.15039283e+06  3.95963030e+06\n",
      "   3.79742052e+06  4.93182430e+06 -4.09502624e+05 -8.37066500e+05\n",
      "  -8.81775783e+05 -1.58587063e+06 -2.97852651e+05 -9.19525836e+05\n",
      "  -8.58945951e+05 -9.90909087e+05  4.78953263e+06  3.88772694e+05\n",
      "  -1.26765660e+04  1.88375926e+05 -1.09565406e+06 -1.08175034e+06\n",
      "  -4.03633530e+05  3.16501749e+05 -3.15026634e+05 -7.42436487e+05\n",
      "  -3.36469321e+05  6.83650102e+05]\n",
      " [ 6.24743386e+05  8.30254224e+05 -5.26852673e+04  1.97267733e+05\n",
      "  -7.84737558e+05 -4.09502624e+05  8.62944547e+05  5.43559370e+05\n",
      "  -3.55641022e+04  1.88498348e+06 -5.15278095e+05  1.10189543e+06\n",
      "   1.20559490e+05 -1.13108677e+05 -6.73135040e+05 -4.47438497e+05\n",
      "  -1.18580656e+04 -6.67567145e+05 -6.20867330e+04 -6.41404282e+04\n",
      "   5.07270865e+03 -2.88769201e+04  2.63162182e+05 -2.67190837e+05\n",
      "   1.33604144e+06  1.70144544e+06]\n",
      " [ 4.45599471e+05  7.95518928e+05  7.58289128e+05 -4.76690888e+06\n",
      "  -3.71967076e+05 -8.37066500e+05  5.43559370e+05  2.11067219e+06\n",
      "   7.36623303e+05  1.42513085e+06  2.43800257e+06  5.52542040e+05\n",
      "   1.11333775e+06  8.44700570e+05 -7.67347837e+05 -3.19941841e+05\n",
      "  -1.38853388e+04  2.22879845e+06  8.92517285e+05  8.90172464e+05\n",
      "  -7.71823434e+04  2.30381976e+04  2.27517904e+05  1.53605904e+06\n",
      "   7.44372363e+05  3.34335876e+05]\n",
      " [ 1.85654762e+04  1.74885644e+05  1.15358225e+06 -3.33738802e+06\n",
      "   1.31713430e+05 -8.81775783e+05 -3.55641022e+04  7.36623303e+05\n",
      "   1.04992460e+06 -2.63785138e+04  1.22796354e+06 -1.25343489e+05\n",
      "   6.93249751e+05  1.25916097e+06 -9.08732864e+05  2.90958472e+04\n",
      "  -2.70231321e+03  1.17791024e+06  1.27666702e+06  1.27863556e+06\n",
      "   1.03712088e+04  4.69169632e+04  2.31963027e+04  7.59106103e+05\n",
      "  -4.18397295e+04 -1.13564104e+06]\n",
      " [ 1.40772682e+06  2.15583830e+06 -1.67111135e+05  1.82312131e+05\n",
      "  -2.59102005e+06 -1.58587063e+06  1.88498348e+06  1.42513085e+06\n",
      "  -2.63785138e+04  5.35674607e+06 -1.01512907e+06  2.57496461e+06\n",
      "   3.37091790e+05 -2.19431477e+05 -1.51065736e+06 -1.15107412e+06\n",
      "  -1.14622429e+04 -1.34290499e+06 -8.25435853e+04 -9.21417147e+04\n",
      "  -1.84432381e+05 -6.82626033e+04  6.70722371e+05 -3.33051092e+05\n",
      "   2.66149028e+06  3.76035947e+06]\n",
      " [-2.09992434e+05  7.15323622e+04  1.22886730e+06 -8.00789612e+06\n",
      "   1.08645634e+06 -2.97852651e+05 -5.15278095e+05  2.43800257e+06\n",
      "   1.22796354e+06 -1.01512907e+06  9.68287443e+06 -1.20584288e+06\n",
      "   1.59514473e+06  1.55918010e+06  6.91166549e+05  2.91269753e+05\n",
      "  -1.14035479e+04  9.39892940e+06  1.53309918e+06  1.53453326e+06\n",
      "  -6.48773161e+04  1.51017680e+05 -1.61387285e+04  3.83670367e+06\n",
      "  -1.12965910e+06 -2.33050638e+06]\n",
      " [ 7.99638889e+05  1.04244182e+06 -1.10897058e+05  6.61561888e+05\n",
      "  -1.47450570e+06 -9.19525836e+05  1.10189543e+06  5.52542040e+05\n",
      "  -1.25343489e+05  2.57496461e+06 -1.20584288e+06  1.66342951e+06\n",
      "   4.13649492e+04 -2.56477414e+05 -1.37632846e+06 -6.88826643e+05\n",
      "  -1.19508662e+04 -1.59203842e+06 -1.73315158e+05 -1.78621558e+05\n",
      "  -2.08899940e+04 -1.42254361e+05  3.29284498e+05 -5.64816607e+05\n",
      "   1.79340905e+06  2.31448677e+06]\n",
      " [ 1.28247619e+05  2.74851634e+05  7.60810753e+05 -4.64467862e+06\n",
      "  -1.67663671e+05 -8.58945951e+05  1.20559490e+05  1.11333775e+06\n",
      "   6.93249751e+05  3.37091790e+05  1.59514473e+06  4.13649492e+04\n",
      "   1.04527043e+06  8.26691742e+05 -8.45039951e+05 -3.10863298e+04\n",
      "  -4.39471006e+03  1.46668264e+06  8.44818913e+05  8.45954581e+05\n",
      "   6.10839648e+04  3.69322538e+04  9.24331968e+04  1.01279712e+06\n",
      "   1.24033056e+05 -5.33222069e+05]\n",
      " [-3.43059861e+04  1.31816483e+05  1.38777524e+06 -4.03875478e+06\n",
      "   2.53142716e+05 -9.90909087e+05 -1.13108677e+05  8.44700570e+05\n",
      "   1.25916097e+06 -2.19431477e+05  1.55918010e+06 -2.56477414e+05\n",
      "   8.26691742e+05  1.52329400e+06 -9.98305997e+05  7.78030299e+04\n",
      "  -2.83190889e+03  1.52630277e+06  1.53961418e+06  1.54205281e+06\n",
      "   8.81405376e+03  5.56925369e+04 -2.35166335e+03  9.47019896e+05\n",
      "  -1.62802972e+05 -1.51027313e+06]\n",
      " [-4.64074339e+05 -5.23568553e+05 -1.32648783e+06  3.53621062e+06\n",
      "   3.57307226e+06  4.78953263e+06 -6.73135040e+05 -7.67347837e+05\n",
      "  -9.08732864e+05 -1.51065736e+06  6.91166549e+05 -1.37632846e+06\n",
      "  -8.45039951e+05 -9.98305997e+05  5.85305190e+06  4.77779741e+05\n",
      "  -1.99165387e+03  1.56669315e+06 -1.11234812e+06 -1.10250397e+06\n",
      "  -4.49619218e+05  3.45926446e+05 -3.24461060e+05 -1.87393770e+05\n",
      "  -1.16428821e+06  1.14328128e+04]\n",
      " [-2.95100265e+05 -4.43282173e+05  2.90264486e+04 -7.62572453e+04\n",
      "   6.51690043e+05  3.88772694e+05 -4.47438497e+05 -3.19941841e+05\n",
      "   2.90958472e+04 -1.15107412e+06  2.91269753e+05 -6.88826643e+05\n",
      "  -3.10863298e+04  7.78030299e+04  4.77779741e+05  3.71708497e+05\n",
      "   7.66692588e+03  3.91339997e+05  3.38031805e+04  3.75155781e+04\n",
      "   1.39186292e+05  1.30250356e+05 -1.13073500e+05  1.54787495e+05\n",
      "  -6.93595897e+05 -9.38242486e+05]\n",
      " [-5.95284392e+03 -8.38982335e+03 -3.50621640e+03  1.23600614e+04\n",
      "  -1.05328618e+04 -1.26765660e+04 -1.18580656e+04 -1.38853388e+04\n",
      "  -2.70231321e+03 -1.14622429e+04 -1.14035479e+04 -1.19508662e+04\n",
      "  -4.39471006e+03 -2.83190889e+03 -1.99165387e+03  7.66692588e+03\n",
      "   8.81947645e+02 -1.09596745e+04 -3.50659082e+03 -3.51847052e+03\n",
      "   6.84936209e+03  3.12790792e+03  6.40753542e+02 -5.14183308e+02\n",
      "  -2.08627923e+04 -2.23552227e+04]\n",
      " [-3.06857791e+05  1.04597803e+04  1.11676790e+06 -7.59222518e+06\n",
      "   1.55006466e+06  1.88375926e+05 -6.67567145e+05  2.22879845e+06\n",
      "   1.17791024e+06 -1.34290499e+06  9.39892940e+06 -1.59203842e+06\n",
      "   1.46668264e+06  1.52630277e+06  1.56669315e+06  3.91339997e+05\n",
      "  -1.09596745e+04  1.23605250e+07  1.47666431e+06  1.48019810e+06\n",
      "  -1.05179366e+05  2.13011800e+05  3.32549130e+04  3.69997598e+06\n",
      "  -1.41977653e+06 -2.56474921e+06]\n",
      " [-9.04761905e+02  1.83254613e+05  1.41020099e+06 -4.10355765e+06\n",
      "   1.41414369e+05 -1.09565406e+06 -6.20867330e+04  8.92517285e+05\n",
      "   1.27666702e+06 -8.25435853e+04  1.53309918e+06 -1.73315158e+05\n",
      "   8.44818913e+05  1.53961418e+06 -1.11234812e+06  3.38031805e+04\n",
      "  -3.50659082e+03  1.47666431e+06  1.56257154e+06  1.56417984e+06\n",
      "  -1.40220174e+03  3.70122973e+04  1.16541923e+04  9.46488532e+05\n",
      "  -8.59941031e+04 -1.43172943e+06]\n",
      " [-1.50978836e+03  1.81986446e+05  1.41232678e+06 -4.10391806e+06\n",
      "   1.58747350e+05 -1.08175034e+06 -6.41404282e+04  8.90172464e+05\n",
      "   1.27863556e+06 -9.21417147e+04  1.53453326e+06 -1.78621558e+05\n",
      "   8.45954581e+05  1.54205281e+06 -1.10250397e+06  3.75155781e+04\n",
      "  -3.51847052e+03  1.48019810e+06  1.56417984e+06  1.56621206e+06\n",
      "  -9.90124168e+02  4.02038040e+04  1.03293587e+04  9.42737713e+05\n",
      "  -8.63247547e+04 -1.43561908e+06]\n",
      " [ 5.26653439e+04 -3.82007680e+04  3.25921446e+04 -3.28355581e+05\n",
      "  -2.31075158e+05 -4.03633530e+05  5.07270865e+03 -7.71823434e+04\n",
      "   1.03712088e+04 -1.84432381e+05 -6.48773161e+04 -2.08899940e+04\n",
      "   6.10839648e+04  8.81405376e+03 -4.49619218e+05  1.39186292e+05\n",
      "   6.84936209e+03 -1.05179366e+05 -1.40220174e+03 -9.90124168e+02\n",
      "   3.88860181e+05  8.31404165e+04  1.05495597e+05  2.52531319e+04\n",
      "   1.27579536e+04 -1.70029305e+05]\n",
      " [ 4.44642857e+04  3.09323690e+04  9.91178315e+03 -3.93815754e+04\n",
      "   3.70545409e+05  3.16501749e+05 -2.88769201e+04  2.30381976e+04\n",
      "   4.69169632e+04 -6.82626033e+04  1.51017680e+05 -1.42254361e+05\n",
      "   3.69322538e+04  5.56925369e+04  3.45926446e+05  1.30250356e+05\n",
      "   3.12790792e+03  2.13011800e+05  3.70122973e+04  4.02038040e+04\n",
      "   8.31404165e+04  1.96919799e+05  3.68245946e+04  7.73621010e+04\n",
      "  -1.77399727e+04 -3.77012801e+04]\n",
      " [ 2.10618254e+05  3.02472188e+05  4.23578256e+03 -2.23469013e+05\n",
      "  -3.74435151e+05 -3.15026634e+05  2.63162182e+05  2.27517904e+05\n",
      "   2.31963027e+04  6.70722371e+05 -1.61387285e+04  3.29284498e+05\n",
      "   9.24331968e+04 -2.35166335e+03 -3.24461060e+05 -1.13073500e+05\n",
      "   6.40753542e+02  3.32549130e+04  1.16541923e+04  1.03293587e+04\n",
      "   1.05495597e+05  3.68245946e+04  2.21166718e+05  1.87904890e+04\n",
      "   3.71145127e+05  4.32317998e+05]\n",
      " [-1.08977249e+05  3.56470814e+04  7.75365427e+05 -5.00527936e+06\n",
      "   1.04167733e+05 -7.42436487e+05 -2.67190837e+05  1.53605904e+06\n",
      "   7.59106103e+05 -3.33051092e+05  3.83670367e+06 -5.64816607e+05\n",
      "   1.01279712e+06  9.47019896e+05 -1.87393770e+05  1.54787495e+05\n",
      "  -5.14183308e+02  3.69997598e+06  9.46488532e+05  9.42737713e+05\n",
      "   2.52531319e+04  7.73621010e+04  1.87904890e+04  2.53548820e+06\n",
      "  -6.06049036e+05 -1.38210840e+06]\n",
      " [ 1.00268968e+06  1.20646868e+06 -1.60931153e+04  5.87814388e+05\n",
      "  -8.58703866e+05 -3.36469321e+05  1.33604144e+06  7.44372363e+05\n",
      "  -4.18397295e+04  2.66149028e+06 -1.12965910e+06  1.79340905e+06\n",
      "   1.24033056e+05 -1.62802972e+05 -1.16428821e+06 -6.93595897e+05\n",
      "  -2.08627923e+04 -1.41977653e+06 -8.59941031e+04 -8.63247547e+04\n",
      "   1.27579536e+04 -1.77399727e+04  3.71145127e+05 -6.06049036e+05\n",
      "   2.46197083e+06  2.87563812e+06]\n",
      " [ 1.24152460e+06  1.49255652e+06 -1.29188771e+06  4.17241676e+06\n",
      "  -1.15974541e+06  6.83650102e+05  1.70144544e+06  3.34335876e+05\n",
      "  -1.13564104e+06  3.76035947e+06 -2.33050638e+06  2.31448677e+06\n",
      "  -5.33222069e+05 -1.51027313e+06  1.14328128e+04 -9.38242486e+05\n",
      "  -2.23552227e+04 -2.56474921e+06 -1.43172943e+06 -1.43561908e+06\n",
      "  -1.70029305e+05 -3.77012801e+04  4.32317998e+05 -1.38210840e+06\n",
      "   2.87563812e+06  4.86584572e+06]]\n"
     ]
    },
    {
     "ename": "NameError",
     "evalue": "name 'matrix' is not defined",
     "output_type": "error",
     "traceback": [
      "\u001b[1;31m---------------------------------------------------------------------------\u001b[0m",
      "\u001b[1;31mNameError\u001b[0m                                 Traceback (most recent call last)",
      "\u001b[1;32m<ipython-input-5-23df292f34ae>\u001b[0m in \u001b[0;36m<module>\u001b[1;34m\u001b[0m\n\u001b[0;32m     11\u001b[0m \u001b[1;33m\u001b[0m\u001b[0m\n\u001b[0;32m     12\u001b[0m \u001b[0mLambda\u001b[0m \u001b[1;33m=\u001b[0m \u001b[1;33m(\u001b[0m\u001b[1;33m-\u001b[0m\u001b[0mnp\u001b[0m\u001b[1;33m.\u001b[0m\u001b[0mmean\u001b[0m\u001b[1;33m(\u001b[0m\u001b[0mMe\u001b[0m\u001b[1;33m)\u001b[0m\u001b[1;33m/\u001b[0m\u001b[1;33m(\u001b[0m\u001b[0mnp\u001b[0m\u001b[1;33m.\u001b[0m\u001b[0mmatmul\u001b[0m\u001b[1;33m(\u001b[0m\u001b[0mnp\u001b[0m\u001b[1;33m.\u001b[0m\u001b[0mtranspose\u001b[0m\u001b[1;33m(\u001b[0m\u001b[0mMe\u001b[0m\u001b[1;33m)\u001b[0m\u001b[1;33m,\u001b[0m\u001b[0mnp\u001b[0m\u001b[1;33m.\u001b[0m\u001b[0mmatmul\u001b[0m\u001b[1;33m(\u001b[0m\u001b[0mnp\u001b[0m\u001b[1;33m.\u001b[0m\u001b[0mlinalg\u001b[0m\u001b[1;33m.\u001b[0m\u001b[0minv\u001b[0m\u001b[1;33m(\u001b[0m\u001b[0mCo\u001b[0m\u001b[1;33m)\u001b[0m\u001b[1;33m,\u001b[0m\u001b[0mMe\u001b[0m\u001b[1;33m)\u001b[0m\u001b[1;33m)\u001b[0m\u001b[1;33m)\u001b[0m\u001b[1;33m)\u001b[0m   \u001b[1;31m#Lagrangiano\u001b[0m\u001b[1;33m\u001b[0m\u001b[1;33m\u001b[0m\u001b[0m\n\u001b[1;32m---> 13\u001b[1;33m \u001b[0mq\u001b[0m \u001b[1;33m=\u001b[0m \u001b[0mmatrix\u001b[0m\u001b[1;33m(\u001b[0m\u001b[0mLambda\u001b[0m\u001b[1;33m*\u001b[0m\u001b[0mMe\u001b[0m\u001b[1;33m,\u001b[0m\u001b[1;33m(\u001b[0m\u001b[0mCo\u001b[0m\u001b[1;33m.\u001b[0m\u001b[0mshape\u001b[0m\u001b[1;33m[\u001b[0m\u001b[1;36m0\u001b[0m\u001b[1;33m]\u001b[0m\u001b[1;33m,\u001b[0m\u001b[1;36m1\u001b[0m\u001b[1;33m)\u001b[0m\u001b[1;33m)\u001b[0m\u001b[1;33m\u001b[0m\u001b[1;33m\u001b[0m\u001b[0m\n\u001b[0m\u001b[0;32m     14\u001b[0m \u001b[1;31m#print(q)\u001b[0m\u001b[1;33m\u001b[0m\u001b[1;33m\u001b[0m\u001b[1;33m\u001b[0m\u001b[0m\n\u001b[0;32m     15\u001b[0m \u001b[1;31m#print(np.transpose(np.asarray(q)))\u001b[0m\u001b[1;33m\u001b[0m\u001b[1;33m\u001b[0m\u001b[1;33m\u001b[0m\u001b[0m\n",
      "\u001b[1;31mNameError\u001b[0m: name 'matrix' is not defined"
     ]
    }
   ],
   "source": [
    "####################################################################################\n",
    "# Media, Varianza, y Matriz de covarianzas de los precios de cierre de cada acción #\n",
    "####################################################################################\n",
    "\n",
    "Me = np.mean(Closing_Price, axis = 1)\n",
    "Va = np.var(Closing_Price, axis=1) # ddof es para que divida sobre (N - ddof)\n",
    "Co = np.cov(Closing_Price)\n",
    "\n",
    "print(Va)\n",
    "print(Co)\n",
    "\n",
    "Lambda = (-np.mean(Me)/(np.matmul(np.transpose(Me),np.matmul(np.linalg.inv(Co),Me))))   #Lagrangiano\n",
    "q = matrix(Lambda*Me,(Co.shape[0],1))\n",
    "#print(q)\n",
    "#print(np.transpose(np.asarray(q)))"
   ]
  },
  {
   "cell_type": "code",
   "execution_count": 6,
   "metadata": {
    "scrolled": true
   },
   "outputs": [
    {
     "name": "stdout",
     "output_type": "stream",
     "text": [
      "(array([ 0.05992585,  0.00948652,  0.34425563,  0.07046989, -0.09323399,\n",
      "        0.0377725 , -0.18914845, -0.00759027,  0.27037786, -0.04412031,\n",
      "        0.00294549, -0.11537351,  0.33337142,  0.3522573 ,  0.07322114,\n",
      "       -0.29538124,  0.67702729, -0.01032728,  1.04934365, -1.82332371,\n",
      "        0.08919576, -0.02658512,  0.13875172,  0.00662443,  0.07270925,\n",
      "        0.01734817]), array([0.00964963, 0.00152758, 0.05543419, 0.0113475 , 0.01501312,\n",
      "       0.00608236, 0.03045786, 0.00122223, 0.04353793, 0.00710453,\n",
      "       0.0004743 , 0.01857816, 0.05368155, 0.05672267, 0.01179053,\n",
      "       0.04756413, 0.10901916, 0.00166296, 0.16897187, 0.29360297,\n",
      "       0.01436286, 0.0042809 , 0.02234267, 0.00106671, 0.0117081 ,\n",
      "       0.00279351]))\n",
      "0.9999999999999998\n",
      "1.0000000000000002\n"
     ]
    },
    {
     "data": {
